-5.811007022857666016e-01 -1.311170578002929688e+00
6.009584665298461914e-01 -2.363075733184814453e+00
-5.692480802536010742e-01 -5.071060061454772949e-01
7.111632227897644043e-01 -1.253776401281356812e-01
4.421119391918182373e-02 -7.701792120933532715e-01
2.903110086917877197e-01 -1.133137106895446777e+00
-5.530351400375366211e-01 4.041551947593688965e-01
4.520777761936187744e-01 3.514090180397033691e-01
7.323911786079406738e-01 -1.124711871147155762e+00
3.113178014755249023e-01 -3.544575870037078857e-01
-4.601120054721832275e-01 4.831379055976867676e-01
5.657265186309814453e-01 5.410815477371215820e-01
-6.088262200355529785e-01 -5.583424568176269531e-01
1.294130384922027588e-01 -2.019222229719161987e-01
1.234700977802276611e-01 4.702235758304595947e-01
-5.509917140007019043e-01 9.666945934295654297e-01
5.510286688804626465e-01 4.038079380989074707e-01
-5.988634228706359863e-01 8.989109843969345093e-02
1.890373229980468750e-01 4.958622157573699951e-02
5.509303212165832520e-01 6.338614225387573242e-01
-1.834791898727416992e-02 8.050153851509094238e-01
-1.660776883363723755e-01 9.087346196174621582e-01
3.522017002105712891e-01 8.128362894058227539e-01
-2.167744636535644531e-01 1.361781120300292969e+00
-1.048382185399532318e-02 1.070168614387512207e+00
-2.894018404185771942e-02 -9.554982781410217285e-01
9.738856554031372070e-01 -1.193533897399902344e+00
1.248015046119689941e+00 -1.660969376564025879e+00
1.000050306320190430e+00 -1.496578812599182129e+00
7.019339799880981445e-01 -1.272533893585205078e+00
1.042016983032226562e+00 -1.358521938323974609e+00
1.002890348434448242e+00 -1.015051364898681641e+00
-9.437117725610733032e-02 -3.401086851954460144e-02
9.696996808052062988e-01 -6.865274906158447266e-01
8.330392837524414062e-01 -5.408187508583068848e-01
1.039862751960754395e+00 -3.335531651973724365e-01
9.400418400764465332e-01 4.630424678325653076e-01
8.272174596786499023e-01 1.479342341423034668e+00
6.377959251403808594e-01 -5.650080442428588867e-01
9.631222486495971680e-01 -8.462472558021545410e-01
1.015094280242919922e+00 9.424024075269699097e-02
6.006540656089782715e-01 -1.070615947246551514e-01
1.022367477416992188e+00 2.986792922019958496e-01
1.161148309707641602e+00 -6.899117827415466309e-01
7.421286106109619141e-01 7.271103262901306152e-01
-9.526099264621734619e-02 7.471047639846801758e-01
7.135633826255798340e-01 5.975691676139831543e-01
-1.372091472148895264e-02 2.092879265546798706e-01
9.274095892906188965e-01 -2.898981049656867981e-02
1.745689369272440672e-04 1.191695332527160645e+00
