-2.548692226409912109e+00
1.867305908203125000e+03
8.538781166076660156e+00
-3.458219528198242188e+01
-1.427091796875000000e+03
-6.008912353515625000e+02
5.461516952514648438e+01
7.510487670898437500e+02
-4.209090805053710938e+01
-6.482760009765625000e+02
-1.258364791870117188e+02
4.643888854980468750e+02
1.248128540039062500e+03
1.399001502990722656e+01
-1.826081275939941406e+01
-3.105070556640625000e+03
2.548721122741699219e+01
1.161773559570312500e+03
-7.817357788085937500e+02
-1.887739868164062500e+02
9.734530639648437500e+02
2.352893829345703125e+02
-2.476939201354980469e+01
-1.204534292221069336e+00
1.569737911224365234e+01
-7.467465877532958984e+00
-8.996480560302734375e+01
2.305187034606933594e+01
1.336938018798828125e+02
-5.594726943969726562e+01
-8.594320297241210938e+00
1.552791595458984375e+02
9.951264190673828125e+01
1.364994659423828125e+02
1.573625469207763672e+01
-5.827882690429687500e+02
-2.472200927734375000e+02
-9.046374511718750000e+02
-2.590819702148437500e+02
2.852242660522460938e+01
3.399630432128906250e+02
3.559375000000000000e+02
4.267666015625000000e+02
3.335496139526367188e+01
-5.080018997192382812e+01
-4.999315643310546875e+01
2.926031982421875000e+03
3.535704374313354492e+00
-8.194162597656250000e+02
-1.420540893554687500e+03
