-4.153875708580017090e-01
2.432538196444511414e-03
-3.800089359283447266e+00
1.828838157653808594e+01
-2.722898006439208984e+00
6.210649490356445312e+00
1.925406455993652344e+01
1.581389007568359375e+02
-7.527425765991210938e+00
-2.462956868112087250e-02
-2.298840713500976562e+01
1.975058593750000000e+02
3.415741205215454102e+00
2.432803153991699219e+00
-9.741734504699707031e+00
8.075119972229003906e+00
-2.201819000244140625e+02
4.601286411285400391e+00
1.646180725097656250e+01
-9.296877288818359375e+01
-3.967934417724609375e+01
-2.282206916809082031e+01
2.320052337646484375e+01
3.225239276885986328e+00
1.065158843994140625e+01
-2.768340587615966797e+00
3.893265962600708008e+00
-1.672754287719726562e+00
2.189255475997924805e+00
-1.848461151123046875e+00
-1.536624193191528320e+00
8.361383676528930664e-01
-6.227640151977539062e+00
4.013453960418701172e+00
7.403590202331542969e+00
-1.818737030029296875e+00
2.572274398803710938e+01
2.688909471035003662e-01
-6.803449630737304688e+00
3.296987533569335938e+00
-5.254693031311035156e+00
-2.250575447082519531e+01
-8.176165223121643066e-01
-3.846583366394042969e+00
3.486386108398437500e+01
4.769518661499023438e+01
-8.356436920166015625e+01
-3.219945526123046875e+01
2.086973667144775391e+00
-6.844273567199707031e+00
