-4.248924851417541504e-01 -1.954339265823364258e+00
4.285595118999481201e-01 -8.865364193916320801e-01
-4.709810614585876465e-01 -1.613276958465576172e+00
4.421476125717163086e-01 -1.280604720115661621e+00
4.464973509311676025e-01 -8.407351970672607422e-01
-4.699467420578002930e-01 -9.273144602775573730e-01
4.847010076045989990e-01 -1.059042811393737793e-01
-1.903029233217239380e-01 -9.349793791770935059e-01
-4.601173996925354004e-01 -7.153084278106689453e-01
-1.571763008832931519e-01 -9.206973910331726074e-01
3.135915696620941162e-01 -2.328919172286987305e-01
-5.430144667625427246e-01 -9.044827818870544434e-01
4.732943475246429443e-01 3.319798409938812256e-01
5.144726037979125977e-01 6.491895914077758789e-01
-4.582791924476623535e-01 2.348180413246154785e-01
4.641671180725097656e-01 9.507616162300109863e-01
-4.666654169559478760e-01 6.322945952415466309e-01
4.756519496440887451e-01 7.217074632644653320e-01
4.115132987499237061e-01 5.084421038627624512e-01
-4.549197554588317871e-01 9.620447158813476562e-01
4.849436283111572266e-01 1.015113115310668945e+00
-3.694108724594116211e-01 9.913371801376342773e-01
3.713867962360382080e-01 1.450445890426635742e+00
-7.157114744186401367e-01 1.166465997695922852e+00
6.589800119400024414e-01 1.488155961036682129e+00
9.182280302047729492e-01 -1.872179031372070312e+00
1.368451714515686035e+00 -9.231374263763427734e-01
3.661433458328247070e-01 -1.714295864105224609e+00
2.658950984477996826e-01 -4.737749993801116943e-01
9.338527321815490723e-01 -1.442852735519409180e+00
1.417690396308898926e+00 -1.472185730934143066e+00
1.141804218292236328e+00 -9.180023670196533203e-01
9.154892563819885254e-01 -4.503590762615203857e-01
9.007021188735961914e-01 -1.287516355514526367e+00
7.131697535514831543e-01 -1.257781088352203369e-01
5.490090847015380859e-01 -9.959247112274169922e-01
9.740265011787414551e-01 -2.779212892055511475e-01
5.092552900314331055e-01 2.725901305675506592e-01
9.905755519866943359e-01 1.242058873176574707e-01
1.200296998023986816e+00 -4.927032589912414551e-01
9.543917775154113770e-01 -5.244796723127365112e-02
9.258176088333129883e-01 4.605188369750976562e-01
1.030568242073059082e+00 9.422041773796081543e-01
-1.247568204998970032e-01 3.446724265813827515e-02
1.300881862640380859e+00 1.049384713172912598e+00
1.252682805061340332e+00 5.760989189147949219e-01
5.762934088706970215e-01 9.650902152061462402e-01
1.158629655838012695e+00 1.558230161666870117e+00
7.484613656997680664e-01 6.910111308097839355e-01
7.475010752677917480e-01 1.009137868881225586e+00
